4294967278,154
4294967279,303
4294967278,271
4294967278,143
4294967278,137
4294967278,268
4294967278,266
4294967278,264
47,0
47,9
47,5
4294967278,319
4294967278,318
4294967278,317
4294967279,153
4294967278,158
4294967279,151
77,5
4294967278,316
77,4
4294967279,150
77,3
77,2
77,1
4294967279,148
4294967279,289
4294967278,315
4294967279,302
4294967279,147
47,8
47,13
4294967278,314
4294967279,301
4294967278,313
4294967278,156
4294967278,152
4294967278,151
4294967279,144
4294967279,249
76,5
4294967278,147
76,4
4294967279,143
76,3
76,2
76,1
4294967278,146
4294967279,141
4294967279,247
4294967278,298
4294967279,300
47,7
47,12
4294967278,292
4294967278,312
4294967278,311
4294967278,310
38,6
4294967278,144
4294967278,142
4294967278,141
4294967278,139
4294967294,0
4294967294,475
4294967279,285
4294967278,296
75,5
4294967278,295
75,4
4294967279,284
75,3
75,2
75,1
4294967278,294
4294967294,96
4294967294,94
4294967279,281
4294967279,245
4294967279,282
4294967294,9
4294967294,8
37,4
26,4
33,4
23,4
4294967278,250
4294967278,249
4294967294,1093
4294967278,284
4294967278,248
4294967278,245
4294967278,244
4294967278,243
4294967278,242
4294967278,240
4294967278,239
4294967278,238
4294967278,237
4294967278,236
4294967294,46
4294967278,281
4294967278,235
4294967278,234
4294967278,232
4294967278,231
4294967278,230
4294967278,229
4294967278,279
4294967278,228
4294967278,227
4294967279,299
4294967278,226
4294967279,264
4294967278,309
35,6
35,2
4294967279,298
2,4
4294967278,308
4294967278,307
4294967294,107
4294967294,952
4294967294,28
4294967294,956
4294967294,479
4294967294,91
4294967294,90
4294967294,87
4294967294,86
4294967294,85
4294967279,168
4294967279,166
12,4
4294967278,306
35,5
4294967279,161
4294967294,17
4294967294,76
4294967294,36
4294967294,39
4294967294,474
4294967294,97
4294967294,1
4294967294,93
4294967294,95
4294967294,30
4294967294,61
16,4
4294967294,67
4294967294,43
4294967294,416
4294967294,51
4294967294,52
4294967294,472
4294967294,425
4294967294,127
3,5
13,4
4294967294,12
4294967294,25
4294967294,922
4294967294,27
4294967294,957
4294967294,81
4294967294,126
4294967294,22
53,4
4294967294,1094
52,4
4294967294,954
4294967294,26
4294967294,974
4294967294,83
4294967294,68
4294967294,11
4294967279,275
4294967279,297
4294967279,242
4294967279,296
4294967278,305
4294967278,260
4294967278,0
0,5
36,4
4294967294,958
4294967294,1088
4294967294,7
4294967294,6
4294967293,131
4294967293,130
4294967293,129
4294967293,128
4294967293,127
4294967293,126
4294967293,125
4294967293,124
4294967293,123
4294967293,122
4294967293,121
4294967293,120
4294967293,119
4294967293,118
4294967293,117
4294967293,116
4294967293,115
4294967293,114
4294967293,113
4294967293,112
4294967293,111
4294967293,110
4294967293,109
4294967293,108
4294967293,107
4294967293,106
4294967293,105
4294967293,104
4294967293,103
4294967293,102
4294967293,101
4294967293,100
4294967293,99
4294967293,98
4294967293,97
4294967293,96
4294967293,95
4294967293,94
4294967293,93
4294967293,92
4294967293,91
4294967293,90
4294967293,89
4294967293,87
4294967293,86
4294967293,85
4294967293,84
4294967293,83
4294967293,82
4294967293,81
4294967293,80
4294967293,79
4294967293,78
4294967293,77
4294967293,76
4294967293,75
4294967293,74
4294967293,73
4294967293,72
4294967293,71
4294967293,70
4294967293,69
4294967293,68
4294967293,67
4294967293,66
